nuc	RAAC3_TM7_1	C.gingivitcus	C.lyticus	C.massiliensis	C.aalborgensis
AA	1.2756315	2.4038164	1.5402688	1.0911243	2.5324366
AC	0.9811637	0.7095332	0.7894061	0.9523644	0.609674
AG	0.9735931	1.1536892	1.0036532	0.9206889	1.0562808
AT	1.0237243	1.6232493	1.2645517	1.1117047	1.9523667
CA	1.0082227	0.7279174	0.9323041	1.0846219	0.7566661
CC	0.7710325	0.3712232	0.5535797	0.8151197	0.2693252
CG	1.1986322	0.2936873	0.9016189	1.0323976	0.1770205
CT	0.9109927	0.8528956	0.7749617	0.9442996	0.8151235
GA	1.1300729	1.0129448	1.1481727	1.0144371	0.9745187
GC	1.2121193	0.6342126	1.069015	1.0917714	0.4743341
GG	0.8993718	0.608607	0.9412352	0.821843	0.4288999
GT	0.8739032	0.7509912	0.8736281	0.9577305	0.631265
TA	0.8346296	1.7427036	0.973467	0.8856833	1.8858147
TC	0.9245646	0.5307546	0.7504385	1.0171832	0.6648021
TG	1.0496806	0.9539369	1.189635	1.1108525	0.8484975
TT	0.9326653	1.6298377	1.2940643	1.1481781	1.9229748

